x 257 .. 286
y -101 .. -57

success (259, -91) (25, 0) 14 0
success (260, -78) (26, 0) 13 0
success (258, -66) (27, 0) 12 0
success (270, -66) (28, 0) 12 0
success (282, -66) (29, 0) 12 0
success (259, -77) (25, 1) 14 1
success (260, -65) (26, 1) 13 1
success (273, -65) (27, 1) 13 1
success (286, -65) (28, 1) 13 1
success (264, -88) (24, 2) 16 3
success (259, -63) (25, 2) 14 3
success (273, -63) (26, 2) 14 3
success (261, -99) (23, 3) 18 6
success (264, -72) (24, 3) 16 6
success (270, -60) (25, 3) 15 6
success (285, -60) (26, 3) 15 6
success (261, -81) (23, 4) 18 10
success (272, -68) (24, 4) 17 10
success (261, -63) (23, 5) 18 15
success (279, -63) (24, 5) 18 15
success (266, -57) (23, 6) 19 21
success (285, -57) (24, 6) 19 21
success (273, -63) (23, 7) 21 28
success (276, -69) (23, 8) 23 36
success (276, -60) (23, 9) 24 45
success (276, -65) (23, 10) 26 55
success (276, -70) (23, 11) 28 66
success (276, -58) (23, 12) 29 78
success (276, -62) (23, 13) 31 91
success (276, -66) (23, 14) 33 105
success (276, -70) (23, 15) 35 120
success (276, -74) (23, 16) 37 136
success (276, -57) (23, 17) 38 153
success (276, -60) (23, 18) 40 171
success (276, -63) (23, 19) 42 190
success (276, -66) (23, 20) 44 210
success (276, -69) (23, 21) 46 231
success (276, -72) (23, 22) 48 253
success (276, -75) (23, 23) 50 276
success (276, -78) (23, 24) 52 300
success (276, -81) (23, 25) 54 325
success (276, -84) (23, 26) 56 351
success (276, -57) (23, 27) 57 378
success (276, -59) (23, 28) 59 406
success (276, -61) (23, 29) 61 435
success (276, -63) (23, 30) 63 465
success (276, -65) (23, 31) 65 496
success (276, -67) (23, 32) 67 528
success (276, -69) (23, 33) 69 561
success (276, -71) (23, 34) 71 595
success (276, -73) (23, 35) 73 630
success (276, -75) (23, 36) 75 666
success (276, -77) (23, 37) 77 703
success (276, -79) (23, 38) 79 741
success (276, -81) (23, 39) 81 780
success (276, -83) (23, 40) 83 820
success (276, -85) (23, 41) 85 861
success (276, -87) (23, 42) 87 903
success (276, -89) (23, 43) 89 946
success (276, -91) (23, 44) 91 990
success (276, -93) (23, 45) 93 1035
success (276, -95) (23, 46) 95 1081
success (276, -97) (23, 47) 97 1128
success (276, -99) (23, 48) 99 1176
success (276, -101) (23, 49) 101 1225
success (276, -57) (23, 56) 114 1596
success (276, -58) (23, 57) 116 1653
success (276, -59) (23, 58) 118 1711
success (276, -60) (23, 59) 120 1770
success (276, -61) (23, 60) 122 1830
success (276, -62) (23, 61) 124 1891
success (276, -63) (23, 62) 126 1953
success (276, -64) (23, 63) 128 2016
success (276, -65) (23, 64) 130 2080
success (276, -66) (23, 65) 132 2145
success (276, -67) (23, 66) 134 2211
success (276, -68) (23, 67) 136 2278
success (276, -69) (23, 68) 138 2346
success (276, -70) (23, 69) 140 2415
success (276, -71) (23, 70) 142 2485
success (276, -72) (23, 71) 144 2556
success (276, -73) (23, 72) 146 2628
success (276, -74) (23, 73) 148 2701
success (276, -75) (23, 74) 150 2775
success (276, -76) (23, 75) 152 2850
success (276, -77) (23, 76) 154 2926
success (276, -78) (23, 77) 156 3003
success (276, -79) (23, 78) 158 3081
success (276, -80) (23, 79) 160 3160
success (276, -81) (23, 80) 162 3240
success (276, -82) (23, 81) 164 3321
success (276, -83) (23, 82) 166 3403
success (276, -84) (23, 83) 168 3486
success (276, -85) (23, 84) 170 3570
success (276, -86) (23, 85) 172 3655
success (276, -87) (23, 86) 174 3741
success (276, -88) (23, 87) 176 3828
success (276, -89) (23, 88) 178 3916
success (276, -90) (23, 89) 180 4005
success (276, -91) (23, 90) 182 4095
success (276, -92) (23, 91) 184 4186
success (276, -93) (23, 92) 186 4278
success (276, -94) (23, 93) 188 4371
success (276, -95) (23, 94) 190 4465
success (276, -96) (23, 95) 192 4560
success (276, -97) (23, 96) 194 4656
success (276, -98) (23, 97) 196 4753
success (276, -99) (23, 98) 198 4851
success (276, -100) (23, 99) 200 4950
success (276, -101) (23, 100) 202 5050
possible vx 23
