  frame 0 (0, 0, 0) / (0, 1, 1, 1)
  frame 1 (37, -80, -2444) / (3, -1, 1, 1)
  frame 2 (1245, 2227, -4750) / (5, -1, 1, 1)
  frame 3 (1209, 1115, -2505) / (0, 1, -1, -1)
  frame 4 (3577, 2304, -3694) / (3, 1, 1, -1)
  frame 5 (1130, 1142, -1272) / (0, -1, 1, -1)
  frame 6 (0, -31, 1119) / (2, -1, 1, -1)
  frame 7 (1216, 3439, -4790) / (3, -1, -1, -1)
  frame 8 (-86, 1149, -2358) / (2, 1, -1, -1)
  frame 9 (-1321, 2, -46) / (4, 1, -1, 1)
  frame 10 (2404, 2318, -3662) / (4, 1, 1, -1)
  frame 11 (1160, 1099, -6084) / (5, -1, -1, -1)
  frame 12 (27, 3540, -2514) / (1, 1, -1, -1)
  frame 13 (-31, 1180, -3732) / (5, 1, -1, 1)
  frame 14 (-1186, 1025, -3561) / (1, -1, -1, 1)
  frame 15 (1184, 2246, -1175) / (3, 1, -1, 1)
  frame 16 (3660, 3611, -3682) / (4, -1, 1, 1)
  frame 17 (3541, 2416, -1333) / (4, -1, -1, -1)
  frame 18 (-49, -24, -1280) / (0, -1, -1, 1)
  frame 19 (2385, 2256, -1269) / (1, -1, 1, -1)
  frame 20 (-1314, 2341, -1255) / (2, -1, -1, 1)
  frame 21 (1173, 1062, -4865) / (2, 1, 1, 1)
  frame 22 (-1255, 1192, -127) / (5, 1, 1, -1)
  frame 23 (1261, -21, -2424) / (1, 1, 1, 1)
  frame 24 (-1162, 1081, -1316) / (1, 1, -1, -1)
  frame 26 (-126, 2258, -2504) / (4, 1, -1, 1)
  frame 27 (1121, 2312, -3580) / (4, -1, -1, -1)
  frame 28 (-2357, 1058, -1236) / (2, -1, -1, 1)
  frame 29 (1254, 2329, 40) / (4, 1, 1, -1)
  frame 30 (40, 2228, -1279) / (2, 1, -1, -1)
  frame 31 (1238, -178, -78) / (1, -1, 1, -1)
  frame 32 (1211, 2274, -5952) / (4, -1, 1, 1)
  frame 33 (3615, 2401, -4791) / (2, 1, 1, 1)
  frame 34 (-1178, 2303, -2387) / (1, -1, 1, -1)
  frame 35 (-125, 2374, -5970) / (0, -1, -1, 1)
  frame 36 (65, 1168, -1208) / (4, 1, 1, -1)
  frame 37 (1165, 2344, -2394) / (0, 1, -1, -1)
  frame 38 (1116, 3482, -5996) / (0, -1, 1, -1)
