11637517422274862853338597396444960840755507195186
13813736722492484783350359589446146069055725717016
21365113283247622439435873354054698446516570955762
36949315694705042670581615378169272648927038375903
74634171118574528222968563933307967404441807851555
13191281372420239248353134035946424514605753562571
13599124212460023532357113464346822457545793356865
31254216394236532740534764385164587549627569865073
12931385212304249632341535074345264618545637572965
23119445813422055692453316670356442778146755388925
22748628533385973964449608407555071951866618206297
24924847833503595894461460690557257170166836828127
32476224394358733540546984465165709557627681066873
47050426705816153781692726489270383759038149486014
85745282229685639333079674044418078515552918962666
24202392483531340359464245146057535625716864673682
24600235323571134643468224575457933568656804467976
42365327405347643851645875496275698650738670976184
23042496323415350743452646185456375729656748683076
34220556924533166703564427781467553889257866499036
33859739644496084075550719518666182062977729317308
35035958944614606905572571701668368281277947939238
43587335405469844651657095576276810668738792177984
58161537816927264892703837590381494860149250597125
96856393330796740444180785155529189626663029073777
35313403594642451460575356257168646736827975784793
35711346434682245754579335686568044679767915578087
53476438516458754962756986507386709761849781087295
34153507434526461854563757296567486830767859794187
45331667035644277814675538892578664990368977500147
44960840755507195186661820629777293173088830428419
46146069055725717016683682812779479392388058040349
54698446516570955762768106687387921779849803288095
69272648927038375903814948601492505971250361608236
07967404441807851555291896266630290737774130184888
46424514605753562571686467368279757847938086895804
46822457545793356865680446797679155780878026689198
64587549627569865073867097618497810872950892198306
45264618545637572965674868307678597941878960805298
56442778146755388925786649903689775001479088611258
55071951866618206297772931730888304284199941539520
57257170166836828127794793923880580403499169151450
65709557627681066873879217798498032880950914399106
70383759038149486014925059712503616082361472719347
18078515552918962666302907377741301848885241295999
57535625716864673682797578479380868958049197906915
57933568656804467976791557808780266891989137790209
75698650738670976184978108729508921983061903209417
56375729656748683076785979418789608052989071916309
67553889257866499036897750014790886112580199722369
