  #############
  #...........#
  ###B#C#B#D###
    #D#C#B#A#
    #D#B#A#C#
    #A#D#C#A#
    #########
    (0)
moves
(0, 1, 1, [])
(0, 2, 3, [1])
(0, 3, 5, [1, 2])
(0, 4, 7, [1, 2, 3])
(0, 5, 9, [1, 2, 3, 4])
(0, 6, 10, [1, 2, 3, 4, 5])
(0, 7, 3, [1])
(0, 8, 4, [1, 7])
(0, 9, 5, [1, 7, 8])
(0, 10, 6, [1, 7, 8, 9])
(0, 11, 5, [1, 2])
(0, 12, 6, [1, 2, 11])
(0, 13, 7, [1, 2, 11, 12])
(0, 14, 8, [1, 2, 11, 12, 13])
(0, 15, 7, [1, 2, 3])
(0, 16, 8, [1, 2, 3, 15])
(0, 17, 9, [1, 2, 3, 15, 16])
(0, 18, 10, [1, 2, 3, 15, 16, 17])
(0, 19, 9, [1, 2, 3, 4])
(0, 20, 10, [1, 2, 3, 4, 19])
(0, 21, 11, [1, 2, 3, 4, 19, 20])
(0, 22, 12, [1, 2, 3, 4, 19, 20, 21])
(1, 2, 2, [])
(1, 3, 4, [2])
(1, 4, 6, [2, 3])
(1, 5, 8, [2, 3, 4])
(1, 6, 9, [2, 3, 4, 5])
(1, 7, 2, [])
(1, 8, 3, [7])
(1, 9, 4, [7, 8])
(1, 10, 5, [7, 8, 9])
(1, 11, 4, [2])
(1, 12, 5, [2, 11])
(1, 13, 6, [2, 11, 12])
(1, 14, 7, [2, 11, 12, 13])
(1, 15, 6, [2, 3])
(1, 16, 7, [2, 3, 15])
(1, 17, 8, [2, 3, 15, 16])
(1, 18, 9, [2, 3, 15, 16, 17])
(1, 19, 8, [2, 3, 4])
(1, 20, 9, [2, 3, 4, 19])
(1, 21, 10, [2, 3, 4, 19, 20])
(1, 22, 11, [2, 3, 4, 19, 20, 21])
(2, 3, 2, [])
(2, 4, 4, [3])
(2, 5, 6, [3, 4])
(2, 6, 7, [3, 4, 5])
(2, 7, 2, [])
(2, 8, 3, [7])
(2, 9, 4, [7, 8])
(2, 10, 5, [7, 8, 9])
(2, 11, 2, [])
(2, 12, 3, [11])
(2, 13, 4, [11, 12])
(2, 14, 5, [11, 12, 13])
(2, 15, 4, [3])
(2, 16, 5, [3, 15])
(2, 17, 6, [3, 15, 16])
(2, 18, 7, [3, 15, 16, 17])
(2, 19, 6, [3, 4])
(2, 20, 7, [3, 4, 19])
(2, 21, 8, [3, 4, 19, 20])
(2, 22, 9, [3, 4, 19, 20, 21])
(3, 4, 2, [])
(3, 5, 4, [4])
(3, 6, 5, [4, 5])
(3, 7, 4, [2])
(3, 8, 5, [2, 7])
(3, 9, 6, [2, 7, 8])
(3, 10, 7, [2, 7, 8, 9])
(3, 11, 2, [])
(3, 12, 3, [11])
(3, 13, 4, [11, 12])
(3, 14, 5, [11, 12, 13])
(3, 15, 2, [])
(3, 16, 3, [15])
(3, 17, 4, [15, 16])
(3, 18, 5, [15, 16, 17])
(3, 19, 4, [4])
(3, 20, 5, [4, 19])
(3, 21, 6, [4, 19, 20])
(3, 22, 7, [4, 19, 20, 21])
(4, 5, 2, [])
(4, 6, 3, [5])
(4, 7, 6, [2, 3])
(4, 8, 7, [2, 3, 7])
(4, 9, 8, [2, 3, 7, 8])
(4, 10, 9, [2, 3, 7, 8, 9])
(4, 11, 4, [3])
(4, 12, 5, [3, 11])
(4, 13, 6, [3, 11, 12])
(4, 14, 7, [3, 11, 12, 13])
(4, 15, 2, [])
(4, 16, 3, [15])
(4, 17, 4, [15, 16])
(4, 18, 5, [15, 16, 17])
(4, 19, 2, [])
(4, 20, 3, [19])
(4, 21, 4, [19, 20])
(4, 22, 5, [19, 20, 21])
(5, 6, 1, [])
(5, 7, 8, [2, 3, 4])
(5, 8, 9, [2, 3, 4, 7])
(5, 9, 10, [2, 3, 4, 7, 8])
(5, 10, 11, [2, 3, 4, 7, 8, 9])
(5, 11, 6, [3, 4])
(5, 12, 7, [3, 4, 11])
(5, 13, 8, [3, 4, 11, 12])
(5, 14, 9, [3, 4, 11, 12, 13])
(5, 15, 4, [4])
(5, 16, 5, [4, 15])
(5, 17, 6, [4, 15, 16])
(5, 18, 7, [4, 15, 16, 17])
(5, 19, 2, [])
(5, 20, 3, [19])
(5, 21, 4, [19, 20])
(5, 22, 5, [19, 20, 21])
(6, 7, 9, [2, 3, 4, 5])
(6, 8, 10, [2, 3, 4, 5, 7])
(6, 9, 11, [2, 3, 4, 5, 7, 8])
(6, 10, 12, [2, 3, 4, 5, 7, 8, 9])
(6, 11, 7, [3, 4, 5])
(6, 12, 8, [3, 4, 5, 11])
(6, 13, 9, [3, 4, 5, 11, 12])
(6, 14, 10, [3, 4, 5, 11, 12, 13])
(6, 15, 5, [4, 5])
(6, 16, 6, [4, 5, 15])
(6, 17, 7, [4, 5, 15, 16])
(6, 18, 8, [4, 5, 15, 16, 17])
(6, 19, 3, [5])
(6, 20, 4, [5, 19])
(6, 21, 5, [5, 19, 20])
(6, 22, 6, [5, 19, 20, 21])
(7, 8, 1, [])
(7, 9, 2, [8])
(7, 10, 3, [8, 9])
(7, 11, 4, [2])
(7, 12, 5, [2, 11])
(7, 13, 6, [2, 11, 12])
(7, 14, 7, [2, 11, 12, 13])
(7, 15, 6, [2, 3])
(7, 16, 7, [2, 3, 15])
(7, 17, 8, [2, 3, 15, 16])
(7, 18, 9, [2, 3, 15, 16, 17])
(7, 19, 8, [2, 3, 4])
(7, 20, 9, [2, 3, 4, 19])
(7, 21, 10, [2, 3, 4, 19, 20])
(7, 22, 11, [2, 3, 4, 19, 20, 21])
(8, 9, 1, [])
(8, 10, 2, [9])
(8, 11, 5, [2, 7])
(8, 12, 6, [2, 7, 11])
(8, 13, 7, [2, 7, 11, 12])
(8, 14, 8, [2, 7, 11, 12, 13])
(8, 15, 7, [2, 3, 7])
(8, 16, 8, [2, 3, 7, 15])
(8, 17, 9, [2, 3, 7, 15, 16])
(8, 18, 10, [2, 3, 7, 15, 16, 17])
(8, 19, 9, [2, 3, 4, 7])
(8, 20, 10, [2, 3, 4, 7, 19])
(8, 21, 11, [2, 3, 4, 7, 19, 20])
(8, 22, 12, [2, 3, 4, 7, 19, 20, 21])
(9, 10, 1, [])
(9, 11, 6, [2, 7, 8])
(9, 12, 7, [2, 7, 8, 11])
(9, 13, 8, [2, 7, 8, 11, 12])
(9, 14, 9, [2, 7, 8, 11, 12, 13])
(9, 15, 4, [3])
(9, 15, 8, [2, 3, 7, 8])
(9, 16, 5, [3, 15])
(9, 16, 9, [2, 3, 7, 8, 15])
(9, 17, 6, [3, 15, 16])
(9, 17, 10, [2, 3, 7, 8, 15, 16])
(9, 18, 7, [3, 15, 16, 17])
(9, 18, 11, [2, 3, 7, 8, 15, 16, 17])
(9, 19, 6, [3, 4])
(9, 19, 10, [2, 3, 4, 7, 8])
(9, 20, 7, [3, 4, 19])
(9, 20, 11, [2, 3, 4, 7, 8, 19])
(9, 21, 8, [3, 4, 19, 20])
(9, 21, 12, [2, 3, 4, 7, 8, 19, 20])
(9, 22, 9, [3, 4, 19, 20, 21])
(9, 22, 13, [2, 3, 4, 7, 8, 19, 20, 21])
(10, 11, 7, [2, 7, 8, 9])
(10, 12, 8, [2, 7, 8, 9, 11])
(10, 13, 9, [2, 7, 8, 9, 11, 12])
(10, 14, 10, [2, 7, 8, 9, 11, 12, 13])
(10, 15, 5, [3, 9])
(10, 15, 9, [2, 3, 7, 8, 9])
(10, 16, 6, [3, 9, 15])
(10, 16, 10, [2, 3, 7, 8, 9, 15])
(10, 17, 7, [3, 9, 15, 16])
(10, 17, 11, [2, 3, 7, 8, 9, 15, 16])
(10, 18, 8, [3, 9, 15, 16, 17])
(10, 18, 12, [2, 3, 7, 8, 9, 15, 16, 17])
(10, 19, 7, [3, 4, 9])
(10, 19, 11, [2, 3, 4, 7, 8, 9])
(10, 20, 8, [3, 4, 9, 19])
(10, 20, 12, [2, 3, 4, 7, 8, 9, 19])
(10, 21, 9, [3, 4, 9, 19, 20])
(10, 21, 13, [2, 3, 4, 7, 8, 9, 19, 20])
(10, 22, 10, [3, 4, 9, 19, 20, 21])
(10, 22, 14, [2, 3, 4, 7, 8, 9, 19, 20, 21])
(11, 12, 1, [])
(11, 13, 2, [12])
(11, 14, 3, [12, 13])
(12, 13, 1, [])
(12, 14, 2, [13])
(13, 14, 1, [])
(15, 16, 1, [])
(15, 17, 2, [16])
(15, 18, 3, [16, 17])
(15, 19, 4, [4])
(15, 20, 5, [4, 19])
(15, 21, 6, [4, 19, 20])
(15, 22, 7, [4, 19, 20, 21])
(16, 17, 1, [])
(16, 18, 2, [17])
(16, 19, 5, [4, 15])
(16, 20, 6, [4, 15, 19])
(16, 21, 7, [4, 15, 19, 20])
(16, 22, 8, [4, 15, 19, 20, 21])
(17, 18, 1, [])
(17, 19, 6, [4, 15, 16])
(17, 20, 7, [4, 15, 16, 19])
(17, 21, 8, [4, 15, 16, 19, 20])
(17, 22, 9, [4, 15, 16, 19, 20, 21])
(18, 19, 7, [4, 15, 16, 17])
(18, 20, 8, [4, 15, 16, 17, 19])
(18, 21, 9, [4, 15, 16, 17, 19, 20])
(18, 22, 10, [4, 15, 16, 17, 19, 20, 21])
(19, 20, 1, [])
(19, 21, 2, [20])
(19, 22, 3, [20, 21])
(20, 21, 1, [])
(20, 22, 2, [21])
(21, 22, 1, [])
(1, 0, 1, [])
(2, 0, 3, [1])
(3, 0, 5, [1, 2])
(4, 0, 7, [1, 2, 3])
(5, 0, 9, [1, 2, 3, 4])
(6, 0, 10, [1, 2, 3, 4, 5])
(7, 0, 3, [1])
(8, 0, 4, [1, 7])
(9, 0, 5, [1, 7, 8])
(10, 0, 6, [1, 7, 8, 9])
(11, 0, 5, [1, 2])
(12, 0, 6, [1, 2, 11])
(13, 0, 7, [1, 2, 11, 12])
(14, 0, 8, [1, 2, 11, 12, 13])
(15, 0, 7, [1, 2, 3])
(16, 0, 8, [1, 2, 3, 15])
(17, 0, 9, [1, 2, 3, 15, 16])
(18, 0, 10, [1, 2, 3, 15, 16, 17])
(19, 0, 9, [1, 2, 3, 4])
(20, 0, 10, [1, 2, 3, 4, 19])
(21, 0, 11, [1, 2, 3, 4, 19, 20])
(22, 0, 12, [1, 2, 3, 4, 19, 20, 21])
(2, 1, 2, [])
(3, 1, 4, [2])
(4, 1, 6, [2, 3])
(5, 1, 8, [2, 3, 4])
(6, 1, 9, [2, 3, 4, 5])
(7, 1, 2, [])
(8, 1, 3, [7])
(9, 1, 4, [7, 8])
(10, 1, 5, [7, 8, 9])
(11, 1, 4, [2])
(12, 1, 5, [2, 11])
(13, 1, 6, [2, 11, 12])
(14, 1, 7, [2, 11, 12, 13])
(15, 1, 6, [2, 3])
(16, 1, 7, [2, 3, 15])
(17, 1, 8, [2, 3, 15, 16])
(18, 1, 9, [2, 3, 15, 16, 17])
(19, 1, 8, [2, 3, 4])
(20, 1, 9, [2, 3, 4, 19])
(21, 1, 10, [2, 3, 4, 19, 20])
(22, 1, 11, [2, 3, 4, 19, 20, 21])
(3, 2, 2, [])
(4, 2, 4, [3])
(5, 2, 6, [3, 4])
(6, 2, 7, [3, 4, 5])
(7, 2, 2, [])
(8, 2, 3, [7])
(9, 2, 4, [7, 8])
(10, 2, 5, [7, 8, 9])
(11, 2, 2, [])
(12, 2, 3, [11])
(13, 2, 4, [11, 12])
(14, 2, 5, [11, 12, 13])
(15, 2, 4, [3])
(16, 2, 5, [3, 15])
(17, 2, 6, [3, 15, 16])
(18, 2, 7, [3, 15, 16, 17])
(19, 2, 6, [3, 4])
(20, 2, 7, [3, 4, 19])
(21, 2, 8, [3, 4, 19, 20])
(22, 2, 9, [3, 4, 19, 20, 21])
(4, 3, 2, [])
(5, 3, 4, [4])
(6, 3, 5, [4, 5])
(7, 3, 4, [2])
(8, 3, 5, [2, 7])
(9, 3, 6, [2, 7, 8])
(10, 3, 7, [2, 7, 8, 9])
(11, 3, 2, [])
(12, 3, 3, [11])
(13, 3, 4, [11, 12])
(14, 3, 5, [11, 12, 13])
(15, 3, 2, [])
(16, 3, 3, [15])
(17, 3, 4, [15, 16])
(18, 3, 5, [15, 16, 17])
(19, 3, 4, [4])
(20, 3, 5, [4, 19])
(21, 3, 6, [4, 19, 20])
(22, 3, 7, [4, 19, 20, 21])
(5, 4, 2, [])
(6, 4, 3, [5])
(7, 4, 6, [2, 3])
(8, 4, 7, [2, 3, 7])
(9, 4, 8, [2, 3, 7, 8])
(10, 4, 9, [2, 3, 7, 8, 9])
(11, 4, 4, [3])
(12, 4, 5, [3, 11])
(13, 4, 6, [3, 11, 12])
(14, 4, 7, [3, 11, 12, 13])
(15, 4, 2, [])
(16, 4, 3, [15])
(17, 4, 4, [15, 16])
(18, 4, 5, [15, 16, 17])
(19, 4, 2, [])
(20, 4, 3, [19])
(21, 4, 4, [19, 20])
(22, 4, 5, [19, 20, 21])
(6, 5, 1, [])
(7, 5, 8, [2, 3, 4])
(8, 5, 9, [2, 3, 4, 7])
(9, 5, 10, [2, 3, 4, 7, 8])
(10, 5, 11, [2, 3, 4, 7, 8, 9])
(11, 5, 6, [3, 4])
(12, 5, 7, [3, 4, 11])
(13, 5, 8, [3, 4, 11, 12])
(14, 5, 9, [3, 4, 11, 12, 13])
(15, 5, 4, [4])
(16, 5, 5, [4, 15])
(17, 5, 6, [4, 15, 16])
(18, 5, 7, [4, 15, 16, 17])
(19, 5, 2, [])
(20, 5, 3, [19])
(21, 5, 4, [19, 20])
(22, 5, 5, [19, 20, 21])
(7, 6, 9, [2, 3, 4, 5])
(8, 6, 10, [2, 3, 4, 5, 7])
(9, 6, 11, [2, 3, 4, 5, 7, 8])
(10, 6, 12, [2, 3, 4, 5, 7, 8, 9])
(11, 6, 7, [3, 4, 5])
(12, 6, 8, [3, 4, 5, 11])
(13, 6, 9, [3, 4, 5, 11, 12])
(14, 6, 10, [3, 4, 5, 11, 12, 13])
(15, 6, 5, [4, 5])
(16, 6, 6, [4, 5, 15])
(17, 6, 7, [4, 5, 15, 16])
(18, 6, 8, [4, 5, 15, 16, 17])
(19, 6, 3, [5])
(20, 6, 4, [5, 19])
(21, 6, 5, [5, 19, 20])
(22, 6, 6, [5, 19, 20, 21])
(8, 7, 1, [])
(9, 7, 2, [8])
(10, 7, 3, [8, 9])
(11, 7, 4, [2])
(12, 7, 5, [2, 11])
(13, 7, 6, [2, 11, 12])
(14, 7, 7, [2, 11, 12, 13])
(15, 7, 6, [2, 3])
(16, 7, 7, [2, 3, 15])
(17, 7, 8, [2, 3, 15, 16])
(18, 7, 9, [2, 3, 15, 16, 17])
(19, 7, 8, [2, 3, 4])
(20, 7, 9, [2, 3, 4, 19])
(21, 7, 10, [2, 3, 4, 19, 20])
(22, 7, 11, [2, 3, 4, 19, 20, 21])
(9, 8, 1, [])
(10, 8, 2, [9])
(11, 8, 5, [2, 7])
(12, 8, 6, [2, 7, 11])
(13, 8, 7, [2, 7, 11, 12])
(14, 8, 8, [2, 7, 11, 12, 13])
(15, 8, 7, [2, 3, 7])
(16, 8, 8, [2, 3, 7, 15])
(17, 8, 9, [2, 3, 7, 15, 16])
(18, 8, 10, [2, 3, 7, 15, 16, 17])
(19, 8, 9, [2, 3, 4, 7])
(20, 8, 10, [2, 3, 4, 7, 19])
(21, 8, 11, [2, 3, 4, 7, 19, 20])
(22, 8, 12, [2, 3, 4, 7, 19, 20, 21])
(10, 9, 1, [])
(11, 9, 6, [2, 7, 8])
(12, 9, 7, [2, 7, 8, 11])
(13, 9, 8, [2, 7, 8, 11, 12])
(14, 9, 9, [2, 7, 8, 11, 12, 13])
(15, 9, 4, [3])
(15, 9, 8, [2, 3, 7, 8])
(16, 9, 5, [3, 15])
(16, 9, 9, [2, 3, 7, 8, 15])
(17, 9, 6, [3, 15, 16])
(17, 9, 10, [2, 3, 7, 8, 15, 16])
(18, 9, 7, [3, 15, 16, 17])
(18, 9, 11, [2, 3, 7, 8, 15, 16, 17])
(19, 9, 6, [3, 4])
(19, 9, 10, [2, 3, 4, 7, 8])
(20, 9, 7, [3, 4, 19])
(20, 9, 11, [2, 3, 4, 7, 8, 19])
(21, 9, 8, [3, 4, 19, 20])
(21, 9, 12, [2, 3, 4, 7, 8, 19, 20])
(22, 9, 9, [3, 4, 19, 20, 21])
(22, 9, 13, [2, 3, 4, 7, 8, 19, 20, 21])
(11, 10, 7, [2, 7, 8, 9])
(12, 10, 8, [2, 7, 8, 9, 11])
(13, 10, 9, [2, 7, 8, 9, 11, 12])
(14, 10, 10, [2, 7, 8, 9, 11, 12, 13])
(15, 10, 5, [3, 9])
(15, 10, 9, [2, 3, 7, 8, 9])
(16, 10, 6, [3, 9, 15])
(16, 10, 10, [2, 3, 7, 8, 9, 15])
(17, 10, 7, [3, 9, 15, 16])
(17, 10, 11, [2, 3, 7, 8, 9, 15, 16])
(18, 10, 8, [3, 9, 15, 16, 17])
(18, 10, 12, [2, 3, 7, 8, 9, 15, 16, 17])
(19, 10, 7, [3, 4, 9])
(19, 10, 11, [2, 3, 4, 7, 8, 9])
(20, 10, 8, [3, 4, 9, 19])
(20, 10, 12, [2, 3, 4, 7, 8, 9, 19])
(21, 10, 9, [3, 4, 9, 19, 20])
(21, 10, 13, [2, 3, 4, 7, 8, 9, 19, 20])
(22, 10, 10, [3, 4, 9, 19, 20, 21])
(22, 10, 14, [2, 3, 4, 7, 8, 9, 19, 20, 21])
(12, 11, 1, [])
(13, 11, 2, [12])
(14, 11, 3, [12, 13])
(13, 12, 1, [])
(14, 12, 2, [13])
(14, 13, 1, [])
(16, 15, 1, [])
(17, 15, 2, [16])
(18, 15, 3, [16, 17])
(19, 15, 4, [4])
(20, 15, 5, [4, 19])
(21, 15, 6, [4, 19, 20])
(22, 15, 7, [4, 19, 20, 21])
(17, 16, 1, [])
(18, 16, 2, [17])
(19, 16, 5, [4, 15])
(20, 16, 6, [4, 15, 19])
(21, 16, 7, [4, 15, 19, 20])
(22, 16, 8, [4, 15, 19, 20, 21])
(18, 17, 1, [])
(19, 17, 6, [4, 15, 16])
(20, 17, 7, [4, 15, 16, 19])
(21, 17, 8, [4, 15, 16, 19, 20])
(22, 17, 9, [4, 15, 16, 19, 20, 21])
(19, 18, 7, [4, 15, 16, 17])
(20, 18, 8, [4, 15, 16, 17, 19])
(21, 18, 9, [4, 15, 16, 17, 19, 20])
(22, 18, 10, [4, 15, 16, 17, 19, 20, 21])
(20, 19, 1, [])
(21, 19, 2, [20])
(22, 19, 3, [20, 21])
(21, 20, 1, [])
(22, 20, 2, [21])
(22, 21, 1, [])
num moves 474

STEP 0
num states 1
random state:
  #############
  #...........#
  ###D#C#D#B###
    #D#C#B#A#
    #D#B#A#C#
    #B#A#A#C#
    #########
    (0)

STEP 1
num states 28
random state:
  #############
  #.......D...#
  ###.#C#D#B###
    #D#C#B#A#
    #D#B#A#C#
    #B#A#A#C#
    #########
    (6000)

STEP 2
num states 349
random state:
  #############
  #.D.....B...#
  ###D#C#.#.###
    #D#C#B#A#
    #D#B#A#C#
    #B#A#A#C#
    #########
    (6020)

STEP 3
num states 2487
random state:
  #############
  #A........BD#
  ###D#C#.#B###
    #D#C#.#A#
    #D#B#.#C#
    #B#A#A#C#
    #########
    (5059)

STEP 4
num states 10780
random state:
  #############
  #B..A...D.C.#
  ###D#C#.#.###
    #D#C#B#.#
    #D#B#A#.#
    #B#A#A#C#
    #########
    (2497)

STEP 5
num states 27775
random state:
  ######